      -45.133900      -10.550300
       43.533500       15.924300
       42.576700       18.414400
      -45.333100       -9.677700
      -32.602900      -32.945900
       28.388600       36.644700
      -45.333100        9.677700
       43.668900      -15.537300
      -45.515600       -8.878300
       46.269300        3.318900
       43.262700      -16.698300
      -44.506200       13.144600
      -44.951500       11.349700
       43.398100      -16.311300
       35.831100      -29.408900
      -31.153400       34.395400
      -43.668900      -15.537300
       43.533500       15.924300
       45.801900       -7.467600
      -45.698000        8.078800
       -2.911500       46.315200
       -6.652800      -45.893700
       46.177500       -4.133700
      -46.269300        3.318900
        9.677700      -45.333100
    6.525000E-01       46.350000
      -35.575400      -29.729400
       37.411600       27.427000
      -18.045000       42.754600
       17.085300      -43.127200
      -21.067800       41.298900
       26.253600      -38.244100
       22.718600      -40.465400
      -32.313000       33.235800
       25.559300      -38.680400
      -30.691100       34.808500
        8.478500      -45.606800
      -18.414400       42.576700
      -33.815600       31.733200
       39.374700      -24.454400
      -36.644700       28.388600
       35.831100      -29.408900
       14.692600      -43.964500
       -4.948600       46.085700
       19.892000       41.865100
      -26.253600      -38.244100
      -29.408900       35.831100
       26.600800      -38.026000
      -37.411600      -27.427000
       36.900300       28.068100
       46.223400        3.726300
      -46.350000        2.292500
       28.388600       36.644700
      -29.729400      -35.575400
       42.043000       19.522600
      -41.865100      -19.892000
      -43.127200      -17.085300
       42.991800       17.472300
       -5.838000      -45.985500
    6.525000E-01       46.350000
       43.829100       15.079500
      -43.964500      -14.692600
      -46.031400       -5.430500
       45.515600        8.878300
      -19.892000       41.865100
        5.838000      -45.985500
       18.783800      -42.398800
      -21.437200       41.121000
      -22.718600       40.465400
       28.388600      -36.644700
      -45.698000        8.078800
       44.951500      -11.349700
      -39.811000       23.760000
       37.156000      -27.747500
       45.333100       -9.677700
      -45.042700       10.950000
       34.105500      -31.443300
      -25.212200       38.898500
      -19.892000      -41.865100
       27.427000       37.411600
      -24.107200       39.592800
       22.176000      -40.765200
      -19.522600      -42.043000
       24.454400       39.374700
      -34.395400       31.153400
       31.733200      -33.815600
      -26.600800       38.026000
       25.906500      -38.462200
       22.718600      -40.465400
      -21.067800       41.298900
       -5.838000       45.985500
   -2.425000E-01      -46.350000
       20.698400      -41.476800
      -12.548900       44.677800
      -31.443300      -34.105500
       33.525700       32.023100
      -43.262700       16.698300
       41.121000      -21.437200
      -16.311300      -43.398100
        8.878300       45.515600
       11.349700       44.951500
      -18.414400      -42.576700
       43.533500       15.924300
      -44.951500      -11.349700
       23.760000      -39.811000
      -14.305600       44.099900
      -24.865000      -39.116600
        9.677700       45.333100
      -19.153200      -42.220900
       18.783800       42.398800
        3.726300       46.223400
       -8.078800      -45.698000
      -35.064200       30.370600
       40.765200      -22.176000
      -24.865000      -39.116600
       28.388600       36.644700
      -39.592800      -24.107200
       36.086700       29.088300
        8.478500       45.606800
      -10.950000      -45.042700
       24.865000      -39.116600
      -13.918600       44.235300
      -46.350000    6.525000E-01
       46.350000        1.472500
       41.865100       19.892000
      -40.765200      -22.176000
       -1.882500       46.350000
       13.144600      -44.506200
       -3.318900       46.269300
       -6.245400      -45.939600
       10.077400      -45.241900
      -21.806600       40.943100
      -23.760000       39.811000
       24.454400      -39.374700
       27.106400       37.667200
      -32.023100      -33.525700
       24.865000      -39.116600
      -33.525700       32.023100
       43.533500      -15.924300
      -42.043000       19.522600
       29.088300      -36.086700
      -30.691100       34.808500
      -37.156000       27.747500
       34.105500      -31.443300
      -36.644700       28.388600
       32.945900      -32.602900
       25.212200      -38.898500
      -15.537300       43.668900
       25.559300      -38.680400
      -28.709200       36.389100
      -13.144600      -44.506200
       21.806600       40.943100
      -38.244100       26.253600
       39.811000      -23.760000
       45.801900        7.467600
      -43.964500      -14.692600
       16.311300       43.398100
      -16.311300      -43.398100
      -31.733200      -33.815600
       34.105500       31.443300
       17.472300       42.991800
      -29.088300      -36.086700
       44.370700      -13.531600
      -45.333100        9.677700
       45.133900      -10.550300
      -45.893700        6.652800
       26.600800       38.026000
      -21.806600      -40.943100
        4.541200      -46.131600
      -10.950000       45.042700
       46.350000       -2.292500
      -46.223400        3.726300
       -9.278000      -45.424300
       10.950000       45.042700
      -39.116600      -24.865000
       40.765200       22.176000
       45.424300       -9.278000
      -45.042700       10.950000
      -29.088300       36.086700
       19.892000      -41.865100
      -32.313000       33.235800
       28.068100      -36.900300
       45.698000       -8.078800
      -45.515600        8.878300
       17.472300      -42.991800
      -22.176000       40.765200
       26.600800      -38.026000
      -14.305600       44.099900
        2.292500      -46.350000
       -9.278000       45.424300
      -13.918600      -44.235300
        1.062500       46.350000
      -38.462200      -25.906500
       42.043000       19.522600
       45.698000       -8.078800
      -45.133900       10.550300
      -42.754600      -18.045000
       41.476800       20.698400
       -8.078800       45.698000
        3.726300      -46.223400
      -24.454400       39.374700
       18.783800      -42.398800
      -43.127200      -17.085300
       42.576700       18.414400
        2.911500       46.315200
       -4.541200      -46.131600
      -32.023100       33.525700
       32.023100      -33.525700
       32.945900      -32.602900
      -36.900300       28.068100
       26.600800       38.026000
      -19.153200      -42.220900
      -38.026000       26.600800
       28.068100      -36.900300
      -46.131600       -4.541200
       45.333100        9.677700
       35.064200       30.370600
      -38.462200      -25.906500
      -11.349700       44.951500
        5.430500      -46.031400
        9.677700      -45.333100
        4.948600       46.085700
       30.370600      -35.064200
      -21.067800       41.298900
      -19.892000      -41.865100
        4.948600       46.085700
      -37.667200      -27.106400
       42.043000       19.522600
      -40.029100       23.412900
       34.105500      -31.443300
       21.437200       41.121000
      -23.412900      -40.029100
       46.350000        1.882500
      -46.350000        1.472500
       -9.677700       45.333100
       17.472300      -42.991800
       30.050000      -35.319800
      -37.156000       27.747500
      -30.370600       35.064200
       35.831100      -29.408900
      -28.068100       36.900300
       35.575400      -29.729400
       -5.430500      -46.031400
       -6.245400       45.939600
      -28.388600      -36.644700
       37.667200       27.106400
       40.943100       21.806600
      -42.043000      -19.522600
       -7.467600      -45.801900
       15.537300       43.668900
        4.133700       46.177500
      -15.537300      -43.668900
       38.026000      -26.600800
      -38.898500       25.212200
      -35.831100       29.408900
       42.220900      -19.153200
      -34.808500      -30.691100
       27.427000       37.411600
       45.801900       -7.467600
      -45.698000        8.078800
        9.278000       45.424300
       -9.278000      -45.424300
       46.085700       -4.948600
      -46.350000        1.472500
       19.153200       42.220900
      -16.698300      -43.262700
      -40.943100      -21.806600
       41.865100       19.892000
       32.023100       33.525700
      -25.906500      -38.462200
      -45.801900        7.467600
       44.506200      -13.144600
      -44.235300      -13.918600
       40.943100       21.806600
       35.064200      -30.370600
      -36.644700       28.388600
       16.698300      -43.262700
      -24.454400       39.374700
      -29.088300       36.086700
       29.088300      -36.086700
      -45.893700        6.652800
       46.223400       -3.726300
       -8.878300      -45.515600
       16.311300       43.398100
       -9.278000      -45.424300
       11.349700       44.951500
       46.031400       -5.430500
      -46.315200        2.911500
      -46.350000        1.882500
       46.350000   -6.525000E-01
      -37.156000       27.747500
       37.411600      -27.427000
      -37.411600      -27.427000
       35.319800       30.050000
      -37.411600       27.427000
       30.050000      -35.319800
       28.388600       36.644700
      -25.906500      -38.462200
       37.411600      -27.427000
      -34.395400       31.153400
      -15.924300       43.533500
        8.878300      -45.515600
       24.454400      -39.374700
      -30.691100       34.808500
      -33.525700      -32.023100
       32.945900       32.602900
   -6.525000E-01       46.350000
       15.079500      -43.829100
      -26.253600      -38.244100
       26.600800       38.026000
      -46.350000        1.882500
       46.350000       -1.472500
      -32.313000       33.235800
       32.945900      -32.602900
      -30.370600      -35.064200
       35.831100       29.408900
       -8.478500       45.606800
       21.806600      -40.943100
      -13.531600       44.370700
        5.430500      -46.031400
      -15.079500      -43.829100
       12.149100       44.769000
       25.212200      -38.898500
      -25.559300       38.680400
       25.559300       38.680400
      -25.906500      -38.462200
       27.427000      -37.411600
      -28.709200       36.389100
      -45.424300       -9.278000
       45.939600        6.245400
       11.349700      -44.951500
      -19.892000       41.865100
      -31.153400      -34.395400
       31.733200       33.815600
      -24.107200      -39.592800
       18.783800       42.398800
      -40.465400      -22.718600
       40.943100       21.806600
       45.939600       -6.245400
      -45.847800        7.060200
       -9.677700      -45.333100
       15.924300       43.533500
       35.575400      -29.729400
      -33.815600       31.733200
      -43.668900       15.537300
       45.606800       -8.478500
      -10.950000       45.042700
       26.253600      -38.244100
      -29.729400      -35.575400
       32.313000       33.235800
      -11.749400      -44.860200
        4.133700       46.177500
       38.244100       26.253600
      -42.754600      -18.045000
      -44.370700       13.531600
       45.893700       -6.652800
      -43.829100      -15.079500
       43.829100       15.079500
       13.918600       44.235300
      -18.414400      -42.576700
       44.860200      -11.749400
      -41.121000       21.437200
       -5.430500      -46.031400
       -2.292500       46.350000
       31.733200      -33.815600
      -35.064200       30.370600
       44.769000       12.149100
      -44.235300      -13.918600
      -41.476800       20.698400
       44.099900      -14.305600
       44.235300       13.918600
      -44.677800      -12.548900
       -1.472500      -46.350000
        1.882500       46.350000
       38.680400       25.559300
      -42.043000      -19.522600
       11.349700      -44.951500
   -6.525000E-01       46.350000
        8.878300       45.515600
        6.245400      -45.939600
      -41.298900       21.067800
       42.754600      -18.045000
       -5.838000      -45.985500
      -26.253600       38.244100
      -46.269300        3.318900
       46.131600       -4.541200
       33.235800      -32.313000
      -34.105500       31.443300
       45.241900       10.077400
      -45.893700       -6.652800
      -43.533500      -15.924300
       45.515600        8.878300
       42.754600       18.045000
      -39.116600      -24.865000
        4.948600       46.085700
       -1.472500      -46.350000
       39.374700      -24.454400
      -30.691100       34.808500
       40.247200      -23.065700
      -38.462200       25.906500
       42.991800      -17.472300
      -41.865100       19.892000
       10.950000      -45.042700
      -11.749400       44.860200
       39.374700       24.454400
      -35.575400      -29.729400
       -2.911500       46.315200
       15.537300      -43.668900
       37.411600       27.427000
      -42.043000      -19.522600
       38.462200       25.906500
      -35.575400      -29.729400
      -46.031400       -5.430500
       46.350000       -1.062500
        1.882500      -46.350000
        7.467600       45.801900
      -46.131600        4.541200
       46.315200       -2.911500
       21.806600      -40.943100
      -14.305600       44.099900
      -32.945900       32.602900
       25.559300      -38.680400
       30.370600      -35.064200
      -23.065700       40.247200
      -46.350000    6.525000E-01
       45.939600       -6.245400
       22.718600      -40.465400
      -21.806600       40.943100
      -45.042700      -10.950000
       45.333100        9.677700
       46.085700        4.948600
      -46.350000        1.062500
       40.247200      -23.065700
      -41.476800       20.698400
      -23.412900       40.029100
        9.278000      -45.424300
      -27.427000       37.411600
       19.153200      -42.220900
       -9.677700      -45.333100
       25.559300       38.680400
       45.133900       10.550300
      -46.223400       -3.726300
       28.709200      -36.389100
      -29.729400       35.575400
       34.105500      -31.443300
      -40.247200       23.065700
      -31.443300      -34.105500
       26.253600       38.244100
       44.099900      -14.305600
      -44.769000       12.149100
      -32.023100      -33.525700
       33.235800       32.313000
      -40.465400      -22.718600
       35.319800       30.050000
      -37.411600       27.427000
       34.395400      -31.153400
      -19.522600      -42.043000
       23.760000       39.811000
       46.350000   -2.425000E-01
      -46.223400        3.726300
       21.806600       40.943100
       -9.677700      -45.333100
       10.077400      -45.241900
   -6.525000E-01       46.350000
      -23.412900      -40.029100
       15.924300       43.533500
       37.411600      -27.427000
      -39.811000       23.760000
       20.698400      -41.476800
      -21.806600       40.943100
      -18.045000       42.754600
        4.948600      -46.085700
       37.156000       27.747500
      -38.026000      -26.600800
       43.398100      -16.311300
      -43.398100       16.311300
       23.760000      -39.811000
      -18.414400       42.576700
       28.388600      -36.644700
      -18.045000       42.754600
       -7.467600      -45.801900
       15.924300       43.533500
      -43.668900       15.537300
       44.235300      -13.918600
       40.943100       21.806600
      -42.043000      -19.522600
      -39.811000      -23.760000
       40.943100       21.806600
      -19.522600       42.043000
       13.531600      -44.370700
      -46.031400        5.430500
       46.350000   -6.525000E-01
       28.068100       36.900300
      -31.733200      -33.815600
        4.948600       46.085700
        9.278000      -45.424300
      -26.600800      -38.026000
       24.107200       39.592800
       37.667200      -27.106400
      -40.247200       23.065700
      -45.939600        6.245400
       45.133900      -10.550300
       44.769000       12.149100
      -45.698000       -8.078800
       24.107200       39.592800
      -15.537300      -43.668900
       29.408900       35.831100
      -29.408900      -35.831100
       41.121000       21.437200
      -41.654700      -20.329000
      -31.443300       34.105500
       27.747500      -37.156000
      -10.950000       45.042700
        4.541200      -46.131600
      -32.945900      -32.602900
       27.106400       37.667200
      -38.462200       25.906500
       38.898500      -25.212200
      -10.550300      -45.133900
       15.079500       43.829100
       30.691100       34.808500
      -21.437200      -41.121000
       24.454400       39.374700
      -19.522600      -42.043000
      -20.329000       41.654700
       19.153200      -42.220900
      -45.698000        8.078800
       45.424300       -9.278000
      -13.531600      -44.370700
       17.472300       42.991800
       24.107200       39.592800
      -21.437200      -41.121000
       46.350000        2.292500
      -45.241900      -10.077400
      -16.698300      -43.262700
       21.067800       41.298900
      -45.698000        8.078800
       43.668900      -15.537300
       -7.467600       45.801900
       -9.278000      -45.424300
       -2.911500       46.315200
       17.085300      -43.127200
        4.541200      -46.131600
       -4.948600       46.085700
       46.223400        3.726300
      -46.350000    2.425000E-01
       32.023100      -33.525700
      -29.088300       36.086700
      -24.107200       39.592800
       17.472300      -42.991800
      -46.269300        3.318900
       45.893700       -6.652800
      -13.918600       44.235300
       24.454400      -39.374700
      -33.815600       31.733200
       29.408900      -35.831100
       -1.062500       46.350000
   -6.525000E-01      -46.350000
       19.153200       42.220900
      -27.106400      -37.667200
       24.454400       39.374700
      -17.085300      -43.127200
      -45.042700       10.950000
       43.262700      -16.698300
      -40.943100       21.806600
       43.262700      -16.698300
       45.606800       -8.478500
      -45.698000        8.078800
       -2.292500      -46.350000
      -13.144600       44.506200
      -24.107200       39.592800
       25.559300      -38.680400
       40.465400      -22.718600
      -37.411600       27.427000
       41.865100      -19.892000
      -40.465400       22.718600
      -32.023100      -33.525700
       24.107200       39.592800
        3.318900      -46.269300
   -2.425000E-01       46.350000
       38.898500      -25.212200
      -36.900300       28.068100
      -38.026000       26.600800
       35.064200      -30.370600
      -30.050000      -35.319800
       29.729400       35.575400
       44.677800       12.548900
      -42.398800      -18.783800
       38.026000      -26.600800
      -39.592800       24.107200
       46.131600        4.541200
      -46.350000       -1.472500
       46.350000        1.882500
      -42.576700      -18.414400
       15.537300      -43.668900
      -27.427000       37.411600
       40.465400      -22.718600
      -44.235300       13.918600
       45.241900      -10.077400
      -43.964500       14.692600
      -36.644700      -28.388600
       28.068100       36.900300
      -36.644700       28.388600
       40.247200      -23.065700
       23.760000      -39.811000
      -11.749400       44.860200
      -41.476800      -20.698400
       40.247200       23.065700
       46.031400        5.430500
      -45.241900      -10.077400
      -46.269300       -3.318900
       46.315200        2.911500
       46.315200       -2.911500
      -45.985500        5.838000
      -30.691100      -34.808500
       30.370600       35.064200
       42.043000      -19.522600
      -44.099900       14.305600
       46.031400       -5.430500
      -46.223400        3.726300
       -8.078800      -45.698000
       10.950000       45.042700
        9.677700      -45.333100
       -9.278000       45.424300
       40.465400      -22.718600
      -41.298900       21.067800
       45.333100       -9.677700
      -43.829100       15.079500
      -35.064200      -30.370600
       31.443300       34.105500
      -46.031400       -5.430500
       46.350000       -1.062500
      -45.133900       10.550300
       45.515600       -8.878300
      -46.350000        1.062500
       46.315200       -2.911500
       32.945900       32.602900
      -34.395400      -31.153400
      -42.398800      -18.783800
       41.654700       20.329000
      -31.733200      -33.815600
       38.244100       26.253600
       32.602900      -32.945900
      -31.443300       34.105500
       28.068100      -36.900300
      -24.107200       39.592800
       34.395400      -31.153400
      -35.575400       29.729400
      -38.244100       26.253600
       39.811000      -23.760000
       45.424300        9.278000
      -44.370700      -13.531600
       43.964500       14.692600
      -45.424300       -9.278000
       41.654700       20.329000
      -44.099900      -14.305600
      -44.235300      -13.918600
       41.121000       21.437200
      -46.350000        1.062500
       46.269300        3.318900
       35.575400       29.729400
      -27.427000      -37.411600
      -24.454400      -39.374700
       21.437200       41.121000
       13.918600       44.235300
      -19.892000      -41.865100
       44.370700      -13.531600
      -44.506200       13.144600
       23.065700       40.247200
      -21.806600      -40.943100
      -28.068100       36.900300
       20.698400      -41.476800
       13.531600      -44.370700
      -13.144600       44.506200
       40.029100       23.412900
      -43.829100      -15.079500
       45.133900       10.550300
      -45.424300       -9.278000
      -40.465400       22.718600
       41.865100      -19.892000
       -4.541200      -46.131600
       10.550300       45.133900
      -32.945900      -32.602900
       32.945900       32.602900
      -46.223400        3.726300
       45.847800       -7.060200
       42.398800       18.783800
      -44.860200      -11.749400
        8.078800      -45.698000
       -6.652800       45.893700
      -45.939600        6.245400
       44.677800      -12.548900
       45.133900      -10.550300
      -44.235300       13.918600
       38.026000       26.600800
      -41.865100      -19.892000
        6.652800      -45.893700
       -2.911500       46.315200
      -36.389100       28.709200
       42.043000      -19.522600
       12.149100      -44.769000
   -2.425000E-01       46.350000
        6.245400      -45.939600
   -2.425000E-01       46.350000
      -28.068100      -36.900300
       33.815600       31.733200
       26.600800       38.026000
      -28.709200      -36.389100
       46.223400       -3.726300
      -45.939600        6.245400
      -45.698000       -8.078800
       45.515600        8.878300
      -10.950000      -45.042700
        3.318900       46.269300
       43.668900      -15.537300
      -43.829100       15.079500
       45.801900        7.467600
      -46.131600       -4.541200
       14.692600       43.964500
       -4.133700      -46.177500
       14.305600      -44.099900
      -15.924300       43.533500
        6.245400       45.939600
      -11.349700      -44.951500
      -37.156000       27.747500
       31.733200      -33.815600
       45.606800        8.478500
      -45.133900      -10.550300
       34.105500      -31.443300
      -33.815600       31.733200
       46.177500       -4.133700
      -45.985500        5.838000
       29.408900      -35.831100
      -28.388600       36.644700
       34.105500       31.443300
      -33.235800      -32.313000
      -25.559300       38.680400
       34.105500      -31.443300
       37.667200       27.106400
      -40.465400      -22.718600
      -30.050000       35.319800
       28.709200      -36.389100
       19.892000       41.865100
      -11.349700      -44.951500
        4.133700      -46.177500
        2.292500       46.350000
       34.808500       30.691100
      -27.747500      -37.156000
       29.408900      -35.831100
      -32.313000       33.235800
      -13.531600      -44.370700
       22.718600       40.465400
      -44.235300       13.918600
       46.131600       -4.541200
       43.127200      -17.085300
      -40.465400       22.718600
      -13.144600      -44.506200
        5.838000       45.985500
       18.045000      -42.754600
       -7.467600       45.801900
      -45.985500        5.838000
       45.939600       -6.245400
       -6.652800       45.893700
       10.077400      -45.241900
       22.176000       40.765200
      -23.065700      -40.247200
      -41.654700      -20.329000
       42.043000       19.522600
       39.811000      -23.760000
      -41.298900       21.067800
       40.765200      -22.176000
      -40.765200       22.176000
       37.156000      -27.747500
      -41.654700       20.329000
       44.235300       13.918600
      -43.668900      -15.537300
      -32.945900      -32.602900
       37.411600       27.427000
      -11.349700       44.951500
       14.692600      -43.964500
       29.088300      -36.086700
      -33.525700       32.023100
      -46.350000    2.425000E-01
       46.350000       -1.062500
      -12.149100      -44.769000
       16.698300       43.262700
      -20.329000       41.654700
       15.079500      -43.829100
       43.668900       15.537300
      -44.099900      -14.305600
      -19.153200      -42.220900
       13.144600       44.506200
      -27.747500      -37.156000
       24.865000       39.116600
       22.718600      -40.465400
      -16.311300       43.398100
      -29.088300      -36.086700
       30.691100       34.808500
       -8.478500      -45.606800
       16.698300       43.262700
      -41.121000       21.437200
       42.754600      -18.045000
       23.065700       40.247200
      -21.806600      -40.943100
       46.350000   -2.425000E-01
      -46.350000   -2.425000E-01
        4.541200       46.131600
       -5.430500      -46.031400
       -6.245400      -45.939600
       16.698300       43.262700
      -40.465400       22.718600
       38.680400      -25.559300
       42.754600       18.045000
      -40.247200      -23.065700
      -38.026000      -26.600800
       38.462200       25.906500
      -46.031400        5.430500
       46.085700       -4.948600
      -42.043000       19.522600
       42.398800      -18.783800
      -40.943100      -21.806600
       40.943100       21.806600
       29.408900       35.831100
      -29.088300      -36.086700
       46.350000   -6.525000E-01
      -46.350000   -6.525000E-01
       38.026000       26.600800
      -41.654700      -20.329000
      -46.085700        4.948600
       45.985500       -5.838000
       28.709200       36.389100
      -31.153400      -34.395400
      -43.668900      -15.537300
       41.476800       20.698400
      -43.668900      -15.537300
       43.829100       15.079500
       40.247200       23.065700
      -38.680400      -25.559300
       -8.078800       45.698000
       11.349700      -44.951500
      -13.918600      -44.235300
       18.045000       42.754600
       29.408900       35.831100
      -27.427000      -37.411600
      -27.106400       37.667200
       28.388600      -36.644700
      -44.235300      -13.918600
       43.964500       14.692600
       40.943100       21.806600
      -42.398800      -18.783800
       43.398100       16.311300
      -43.829100      -15.079500
      -18.045000       42.754600
       16.698300      -43.262700
      -38.462200      -25.906500
       32.602900       32.945900
    2.425000E-01      -46.350000
    6.525000E-01       46.350000
        4.948600       46.085700
       -6.652800      -45.893700
      -17.085300      -43.127200
        2.292500       46.350000
       31.443300      -34.105500
      -27.106400       37.667200
        1.062500      -46.350000
       14.692600       43.964500
       36.900300       28.068100
      -33.235800      -32.313000
       43.262700      -16.698300
      -39.811000       23.760000
      -44.951500       11.349700
       44.951500      -11.349700
      -16.311300       43.398100
       23.760000      -39.811000
       41.121000      -21.437200
      -38.898500       25.212200
      -46.177500       -4.133700
       45.801900        7.467600
       16.698300       43.262700
      -13.531600      -44.370700
      -34.395400       31.153400
       32.945900      -32.602900
      -44.951500       11.349700
       43.668900      -15.537300
       44.769000      -12.149100
      -42.991800       17.472300
        6.245400       45.939600
       -9.677700      -45.333100
        3.318900      -46.269300
      -10.950000       45.042700
       -9.677700       45.333100
        8.478500      -45.606800
       42.398800       18.783800
      -43.533500      -15.924300
        8.478500       45.606800
      -12.149100      -44.769000
      -38.244100      -26.253600
       35.575400       29.729400
       25.212200       38.898500
      -29.729400      -35.575400
      -45.133900       10.550300
       44.860200      -11.749400
       37.667200       27.106400
      -35.831100      -29.408900
       46.350000       -1.472500
      -46.350000        1.062500
      -40.247200       23.065700
       36.644700      -28.388600
      -20.698400       41.476800
       10.950000      -45.042700
        3.726300      -46.223400
       -3.726300       46.223400
       46.031400        5.430500
      -45.893700       -6.652800
       44.235300      -13.918600
      -45.133900       10.550300
      -12.548900      -44.677800
       14.692600       43.964500
      -46.031400       -5.430500
       46.350000   -2.425000E-01
      -13.531600       44.370700
       19.153200      -42.220900
       41.121000       21.437200
      -38.244100      -26.253600
      -19.153200       42.220900
       10.077400      -45.241900
      -34.395400      -31.153400
       35.831100       29.408900
       -2.292500       46.350000
       -5.838000      -45.985500
       27.427000       37.411600
      -19.892000      -41.865100
      -21.806600       40.943100
       14.305600      -44.099900
      -28.388600      -36.644700
       21.806600       40.943100
      -20.698400       41.476800
       29.088300      -36.086700
      -43.829100       15.079500
       43.964500      -14.692600
      -34.395400       31.153400
       40.247200      -23.065700
      -43.262700       16.698300
       40.247200      -23.065700
      -38.680400      -25.559300
       33.525700       32.023100
       29.729400       35.575400
      -24.865000      -39.116600
       19.522600      -42.043000
      -21.437200       41.121000
       38.026000       26.600800
      -34.395400      -31.153400
        2.911500       46.315200
        8.878300      -45.515600
       21.806600      -40.943100
       -6.245400       45.939600
       45.985500        5.838000
      -46.350000   -2.425000E-01
       18.414400       42.576700
      -24.454400      -39.374700
      -18.045000      -42.754600
       24.107200       39.592800
       15.924300       43.533500
      -24.107200      -39.592800
       44.235300      -13.918600
      -43.964500       14.692600
       39.592800      -24.107200
      -34.105500       31.443300
      -45.133900      -10.550300
       45.133900       10.550300
      -17.472300      -42.991800
       11.749400       44.860200
      -14.305600       44.099900
       16.311300      -43.398100
       31.443300       34.105500
      -23.760000      -39.811000
      -21.067800      -41.298900
       12.149100       44.769000
       28.068100       36.900300
      -33.525700      -32.023100
      -25.906500      -38.462200
       30.370600       35.064200
      -35.575400      -29.729400
       30.370600       35.064200
       14.692600       43.964500
    6.525000E-01      -46.350000
       35.831100      -29.408900
      -39.592800       24.107200
      -22.718600       40.465400
       18.045000      -42.754600
       38.244100       26.253600
      -38.680400      -25.559300
      -39.116600      -24.865000
       40.029100       23.412900
      -35.575400       29.729400
       30.050000      -35.319800
      -27.106400       37.667200
       30.691100      -34.808500
      -45.133900      -10.550300
       44.370700       13.531600
       46.350000   -6.525000E-01
      -46.350000   -2.425000E-01
      -14.692600       43.964500
       26.253600      -38.244100
      -39.374700      -24.454400
       41.121000       21.437200
       45.133900       10.550300
      -42.991800      -17.472300
       -2.292500       46.350000
        3.318900      -46.269300
       30.691100       34.808500
      -31.443300      -34.105500
      -15.537300       43.668900
   -2.425000E-01      -46.350000
       33.525700      -32.023100
      -37.411600       27.427000
       40.943100       21.806600
      -40.943100      -21.806600
      -31.733200      -33.815600
       27.106400       37.667200
      -45.133900       10.550300
       46.269300       -3.318900
       19.522600      -42.043000
      -24.107200       39.592800
      -24.107200       39.592800
       33.235800      -32.313000
      -38.462200      -25.906500
       35.831100       29.408900
      -46.223400        3.726300
       46.350000        1.472500
      -38.462200       25.906500
       41.654700      -20.329000
      -43.964500      -14.692600
       43.668900       15.537300
       18.414400      -42.576700
      -13.531600       44.370700
      -22.718600       40.465400
       33.815600      -31.733200
       44.099900       14.305600
      -43.127200      -17.085300
        8.478500       45.606800
        6.245400      -45.939600
       -8.478500      -45.606800
        8.078800       45.698000
       43.829100      -15.079500
      -45.606800        8.478500
      -32.945900      -32.602900
       30.050000       35.319800
      -42.754600       18.045000
       43.964500      -14.692600
      -46.350000   -6.525000E-01
       46.315200       -2.911500
      -42.991800       17.472300
       41.654700      -20.329000
       46.350000       -1.062500
      -46.315200        2.911500
        9.278000      -45.424300
    6.525000E-01       46.350000
      -23.412900      -40.029100
       15.537300       43.668900
       36.086700      -29.088300
      -31.443300       34.105500
        3.726300      -46.223400
        2.292500       46.350000
      -33.815600       31.733200
       31.153400      -34.395400
      -20.698400       41.476800
       15.537300      -43.668900
      -42.043000       19.522600
       39.592800      -24.107200
       42.576700      -18.414400
      -42.220900       19.153200
      -13.531600       44.370700
       17.085300      -43.127200
      -35.064200       30.370600
       29.408900      -35.831100
       23.065700      -40.247200
      -19.153200       42.220900
       46.131600        4.541200
      -45.801900       -7.467600
      -46.085700       -4.948600
       46.177500        4.133700
      -31.733200       33.815600
       27.427000      -37.411600
      -36.389100      -28.709200
       41.121000       21.437200
       45.241900      -10.077400
      -44.235300       13.918600
      -34.808500      -30.691100
       32.023100       33.525700
        7.060200      -45.847800
      -11.349700       44.951500
      -40.465400       22.718600
       42.398800      -18.783800
       22.718600      -40.465400
      -14.305600       44.099900
      -16.698300       43.262700
       22.176000      -40.765200
      -45.893700       -6.652800
       45.893700        6.652800
       33.815600      -31.733200
      -40.029100       23.412900
       39.811000       23.760000
      -39.116600      -24.865000
       41.654700      -20.329000
      -40.765200       22.176000
       38.026000      -26.600800
      -27.747500       37.156000
      -10.550300      -45.133900
       10.950000       45.042700
      -27.747500      -37.156000
       22.176000       40.765200
       26.253600       38.244100
      -25.212200      -38.898500
      -29.729400       35.575400
       36.389100      -28.709200
      -46.315200        2.911500
       45.847800       -7.060200
       -6.652800       45.893700
        4.541200      -46.131600
       38.898500       25.212200
      -39.116600      -24.865000
       19.522600       42.043000
      -24.454400      -39.374700
        7.467600      -45.801900
      -11.349700       44.951500
      -29.729400       35.575400
       15.537300      -43.668900
      -13.144600       44.506200
        8.478500      -45.606800
      -27.106400      -37.667200
       15.924300       43.533500
       -8.078800      -45.698000
       14.692600       43.964500
      -44.506200      -13.144600
       45.515600        8.878300
       42.991800      -17.472300
      -41.654700       20.329000
       44.235300       13.918600
      -46.031400       -5.430500
      -18.414400       42.576700
       18.045000      -42.754600
       12.149100       44.769000
       -9.677700      -45.333100
      -21.806600      -40.943100
       20.698400       41.476800
      -40.029100       23.412900
       38.026000      -26.600800
      -46.223400        3.726300
       46.031400       -5.430500
      -30.370600       35.064200
       25.212200      -38.898500
       41.654700       20.329000
      -43.533500      -15.924300
      -38.462200      -25.906500
       42.754600       18.045000
       43.964500      -14.692600
      -39.811000       23.760000
      -34.808500       30.691100
       23.412900      -40.029100
      -10.950000       45.042700
       17.472300      -42.991800
       13.531600       44.370700
      -19.153200      -42.220900
       23.412900      -40.029100
      -30.050000       35.319800
       39.374700      -24.454400
      -39.811000       23.760000
      -38.244100      -26.253600
       41.121000       21.437200
      -46.315200       -2.911500
       46.177500       -4.133700
       27.427000       37.411600
      -32.602900      -32.945900
      -41.298900       21.067800
       42.754600      -18.045000
       41.476800      -20.698400
      -42.220900       19.153200
      -18.783800      -42.398800
       31.443300       34.105500
      -46.031400        5.430500
       46.315200       -2.911500
       -6.652800       45.893700
       18.414400      -42.576700
      -46.269300       -3.318900
       46.131600        4.541200
       45.042700       10.950000
      -44.769000      -12.149100
    2.425000E-01       46.350000
       -2.911500      -46.315200
       19.153200      -42.220900
      -29.729400       35.575400
       35.319800       30.050000
      -39.592800      -24.107200
       45.333100       -9.677700
      -44.860200       11.749400
       37.156000       27.747500
      -40.765200      -22.176000
      -38.898500       25.212200
       33.525700      -32.023100
      -44.860200      -11.749400
       43.533500       15.924300
       13.531600      -44.370700
      -12.548900       44.677800
      -27.106400      -37.667200
       33.815600       31.733200
      -13.144600      -44.506200
       25.559300       38.680400
       45.606800        8.478500
      -46.031400       -5.430500
       24.107200      -39.592800
      -27.106400       37.667200
       44.677800      -12.548900
      -44.099900       14.305600
       46.223400        3.726300
      -45.801900       -7.467600
      -15.924300       43.533500
       15.924300      -43.533500
      -10.077400      -45.241900
       15.537300       43.668900
      -19.153200       42.220900
       20.698400      -41.476800
       -3.726300      -46.223400
        2.292500       46.350000
       44.677800      -12.548900
      -45.847800        7.060200
       30.050000       35.319800
      -30.370600      -35.064200
      -29.088300      -36.086700
       36.644700       28.388600
       46.315200        2.911500
      -46.085700       -4.948600
       26.253600       38.244100
      -16.698300      -43.262700
        6.245400       45.939600
        1.062500      -46.350000
      -38.898500      -25.212200
       41.865100       19.892000
      -44.951500      -11.349700
       46.085700        4.948600
      -32.023100      -33.525700
       18.414400       42.576700
      -36.389100      -28.709200
       34.105500       31.443300
       12.548900      -44.677800
        3.318900       46.269300
       15.079500      -43.829100
      -15.537300       43.668900
       46.350000       -1.062500
      -45.847800        7.060200
       17.085300      -43.127200
      -13.918600       44.235300
      -11.349700       44.951500
        5.838000      -45.985500
       34.105500       31.443300
      -27.106400      -37.667200
       41.298900       21.067800
      -43.127200      -17.085300
      -41.121000      -21.437200
       41.121000       21.437200
      -31.443300      -34.105500
       37.156000       27.747500
       41.476800       20.698400
      -43.829100      -15.079500
      -41.865100      -19.892000
       40.029100       23.412900
      -44.370700       13.531600
       43.829100      -15.079500
       10.550300      -45.133900
       -6.652800       45.893700
       45.847800       -7.060200
      -45.893700        6.652800
        2.292500       46.350000
       -2.292500      -46.350000
       22.176000       40.765200
      -30.370600      -35.064200
      -46.350000       -1.882500
       45.606800        8.478500
      -46.131600       -4.541200
       46.350000        1.472500
      -36.086700       29.088300
       40.765200      -22.176000
      -46.223400       -3.726300
       46.085700        4.948600
       23.760000      -39.811000
      -28.709200       36.389100
       46.269300        3.318900
      -46.350000       -1.472500
      -20.698400      -41.476800
       17.472300       42.991800
       46.350000       -1.062500
      -46.350000        1.472500
      -36.644700       28.388600
       33.525700      -32.023100
      -22.176000       40.765200
       13.918600      -44.235300
      -38.244100       26.253600
       36.389100      -28.709200
       46.350000       -1.472500
      -46.223400        3.726300
       32.313000      -33.235800
      -36.389100       28.709200
       29.088300       36.086700
      -31.153400      -34.395400
       17.472300      -42.991800
      -28.388600       36.644700
       27.106400      -37.667200
      -23.412900       40.029100
       27.106400       37.667200
      -27.427000      -37.411600
      -25.212200       38.898500
       30.050000      -35.319800
      -45.801900       -7.467600
       45.606800        8.478500
       19.153200       42.220900
      -20.329000      -41.654700
      -38.680400       25.559300
       41.865100      -19.892000
      -46.350000        2.292500
       46.350000   -6.525000E-01
      -44.951500      -11.349700
       44.769000       12.149100
        3.726300       46.223400
      -10.550300      -45.133900
      -44.370700      -13.531600
       41.121000       21.437200
       44.099900      -14.305600
      -42.991800       17.472300
      -33.525700       32.023100
       27.106400      -37.667200
      -13.144600      -44.506200
    2.425000E-01       46.350000
       42.991800      -17.472300
      -43.398100       16.311300
      -39.374700      -24.454400
       36.389100       28.709200
      -41.654700      -20.329000
       42.991800       17.472300
       38.244100       26.253600
      -40.765200      -22.176000
      -41.654700      -20.329000
       42.398800       18.783800
      -13.918600       44.235300
       26.253600      -38.244100
        7.060200       45.847800
      -16.698300      -43.262700
        6.652800      -45.893700
       -1.472500       46.350000
      -41.121000       21.437200
       38.898500      -25.212200
       42.043000      -19.522600
      -43.533500       15.924300
      -17.472300      -42.991800
       21.067800       41.298900
       45.133900      -10.550300
      -44.677800       12.548900
       25.212200       38.898500
      -31.443300      -34.105500
        4.948600      -46.085700
       -4.541200       46.131600
      -22.718600       40.465400
       10.950000      -45.042700
      -39.374700       24.454400
       41.121000      -21.437200
      -10.077400       45.241900
        6.652800      -45.893700
       43.398100      -16.311300
      -43.964500       14.692600
      -34.395400      -31.153400
       32.945900       32.602900
      -36.644700      -28.388600
       31.733200       33.815600
      -15.924300       43.533500
       12.149100      -44.769000
       16.311300      -43.398100
      -21.067800       41.298900
       -9.278000      -45.424300
       14.305600       44.099900
      -32.023100       33.525700
       36.389100      -28.709200
       46.350000       -1.062500
      -46.350000        1.062500
       40.943100       21.806600
      -42.754600      -18.045000
      -36.644700      -28.388600
       39.374700       24.454400
      -22.176000       40.765200
       17.085300      -43.127200
      -15.924300       43.533500
        1.062500      -46.350000
      -43.964500       14.692600
       39.374700      -24.454400
       44.235300       13.918600
      -43.964500      -14.692600
        1.472500       46.350000
       -4.133700      -46.177500
      -41.121000       21.437200
       42.754600      -18.045000
       41.476800      -20.698400
      -44.951500       11.349700
      -41.865100       19.892000
       40.765200      -22.176000
      -33.235800      -32.313000
       31.153400       34.395400
       46.177500        4.133700
      -45.939600       -6.245400
    2.425000E-01      -46.350000
        4.948600       46.085700
      -38.026000      -26.600800
       41.298900       21.067800
       21.067800      -41.298900
      -24.454400       39.374700
       25.212200       38.898500
      -32.945900      -32.602900
      -42.220900       19.153200
       42.220900      -19.153200
       13.531600       44.370700
      -15.537300      -43.668900
       39.811000      -23.760000
      -34.395400       31.153400
       44.769000      -12.149100
      -45.241900       10.077400
      -45.939600        6.245400
       46.315200       -2.911500
      -29.088300       36.086700
       25.906500      -38.462200
       -4.133700       46.177500
        5.430500      -46.031400
       45.515600       -8.878300
      -46.085700        4.948600
      -33.235800       32.313000
       38.898500      -25.212200
      -43.533500       15.924300
       43.829100      -15.079500
       26.253600      -38.244100
      -20.698400       41.476800
      -10.950000      -45.042700
       10.550300       45.133900
      -43.127200      -17.085300
       44.370700       13.531600
       41.121000       21.437200
      -41.121000      -21.437200
      -38.462200       25.906500
       31.733200      -33.815600
       42.991800      -17.472300
      -43.262700       16.698300
       22.718600       40.465400
      -19.153200      -42.220900
       -9.278000      -45.424300
        4.541200       46.131600
       37.411600      -27.427000
      -40.943100       21.806600
      -18.045000       42.754600
       21.437200      -41.121000
      -26.600800       38.026000
       27.106400      -37.667200
      -45.893700       -6.652800
       45.893700        6.652800
      -35.319800       30.050000
       29.729400      -35.575400
      -40.943100      -21.806600
       41.865100       19.892000
      -34.808500      -30.691100
       32.313000       33.235800
      -45.939600        6.245400
       46.350000       -1.882500
        1.472500      -46.350000
       -3.726300       46.223400
       15.079500       43.829100
    6.525000E-01      -46.350000
      -14.305600       44.099900
       15.079500      -43.829100
       -5.838000      -45.985500
        5.430500       46.031400
       41.654700      -20.329000
      -38.462200       25.906500
      -45.893700       -6.652800
       44.860200       11.749400
       43.829100       15.079500
      -40.765200      -22.176000
        8.478500      -45.606800
       -5.430500       46.031400
        7.060200      -45.847800
        7.467600       45.801900
       17.472300      -42.991800
   -2.425000E-01       46.350000
       45.985500        5.838000
      -46.350000       -2.292500
      -20.698400      -41.476800
       27.747500       37.156000
      -45.893700       -6.652800
       46.350000        1.882500
       -6.245400      -45.939600
    6.525000E-01       46.350000
      -44.860200      -11.749400
       45.939600        6.245400
       38.898500       25.212200
      -37.667200      -27.106400
       40.765200      -22.176000
      -42.398800       18.783800
      -46.350000       -1.472500
       46.350000       -1.062500
       36.644700      -28.388600
      -35.575400       29.729400
       31.443300       34.105500
      -25.906500      -38.462200
       45.515600       -8.878300
      -46.131600        4.541200
       34.395400       31.153400
      -37.411600      -27.427000
      -15.537300      -43.668900
       14.692600       43.964500
      -15.079500      -43.829100
        5.838000       45.985500
       10.077400      -45.241900
        1.472500       46.350000
    2.425000E-01       46.350000
      -10.950000      -45.042700
       -4.948600      -46.085700
       -2.911500       46.315200
      -14.305600       44.099900
       19.153200      -42.220900
       25.559300       38.680400
      -21.067800      -41.298900
      -46.177500       -4.133700
       46.177500        4.133700
      -34.105500      -31.443300
       37.667200       27.106400
       -8.478500       45.606800
       13.144600      -44.506200
       -8.078800      -45.698000
        8.878300       45.515600
       19.892000      -41.865100
      -19.153200       42.220900
      -42.043000      -19.522600
       41.865100       19.892000
       -5.838000      -45.985500
        7.467600       45.801900
      -39.592800      -24.107200
       42.576700       18.414400
      -46.177500       -4.133700
       46.131600        4.541200
      -28.068100      -36.900300
       27.106400       37.667200
       46.223400        3.726300
      -45.985500       -5.838000
      -15.924300       43.533500
       25.212200      -38.898500
       13.531600      -44.370700
   -2.425000E-01       46.350000
      -44.860200       11.749400
       46.085700       -4.948600
        1.472500       46.350000
      -16.311300      -43.398100
       10.550300       45.133900
      -15.924300      -43.533500
      -40.465400       22.718600
       42.220900      -19.153200
       32.313000       33.235800
      -38.462200      -25.906500
       22.718600       40.465400
      -25.906500      -38.462200
      -35.831100      -29.408900
       40.247200       23.065700
      -42.220900      -19.153200
       41.654700       20.329000
       14.692600       43.964500
      -12.149100      -44.769000
        4.541200       46.131600
       -7.467600      -45.801900
      -42.043000       19.522600
       45.133900      -10.550300
        5.430500       46.031400
      -14.305600      -44.099900
       46.177500        4.133700
      -46.350000       -1.882500
       36.389100      -28.709200
      -33.525700       32.023100
       27.747500       37.156000
      -29.088300      -36.086700
       33.235800       32.313000
      -27.427000      -37.411600
      -39.592800      -24.107200
       35.064200       30.370600
       35.575400       29.729400
      -33.525700      -32.023100
       36.900300      -28.068100
      -39.374700       24.454400
      -37.156000      -27.747500
       41.865100       19.892000
      -15.079500      -43.829100
        9.278000       45.424300
       42.220900       19.153200
      -43.398100      -16.311300
      -44.769000       12.149100
       45.133900      -10.550300
      -41.865100      -19.892000
       43.829100       15.079500
       45.606800       -8.478500
      -44.506200       13.144600
       18.045000       42.754600
      -26.600800      -38.026000
      -17.085300      -43.127200
       16.698300       43.262700
       39.811000       23.760000
      -41.476800      -20.698400
      -33.235800       32.313000
       23.412900      -40.029100
       32.602900       32.945900
      -30.370600      -35.064200
       34.105500      -31.443300
      -39.592800       24.107200
        8.878300      -45.515600
        1.062500       46.350000
       46.350000       -1.882500
      -46.350000       -1.882500
      -41.654700      -20.329000
       43.533500       15.924300
      -45.801900       -7.467600
       45.698000        8.078800
       38.244100      -26.253600
      -29.729400       35.575400
      -45.515600        8.878300
       44.677800      -12.548900
      -42.043000       19.522600
       36.389100      -28.709200
      -27.747500      -37.156000
       25.559300       38.680400
       -4.948600      -46.085700
       12.149100       44.769000
       41.298900      -21.067800
      -41.865100       19.892000
      -17.085300      -43.127200
       11.749400       44.860200
       45.847800       -7.060200
      -43.668900       15.537300
       43.964500      -14.692600
      -41.865100       19.892000
      -24.865000       39.116600
       24.454400      -39.374700
      -43.262700       16.698300
       41.654700      -20.329000
       38.898500       25.212200
      -40.943100      -21.806600
       45.985500        5.838000
      -46.350000    6.525000E-01
      -20.698400       41.476800
       16.311300      -43.398100
      -29.088300       36.086700
       37.667200      -27.106400
      -19.892000      -41.865100
       13.144600       44.506200
       43.127200       17.085300
      -44.951500      -11.349700
      -41.298900       21.067800
       38.680400      -25.559300
       35.575400      -29.729400
      -29.088300       36.086700
      -30.691100       34.808500
       40.029100      -23.412900
       39.811000      -23.760000
      -36.900300       28.068100
      -38.680400      -25.559300
       38.462200       25.906500
       39.374700       24.454400
      -33.235800      -32.313000
      -30.050000       35.319800
       37.667200      -27.106400
       43.262700      -16.698300
      -44.677800       12.548900
      -44.769000       12.149100
       45.515600       -8.878300
      -43.398100      -16.311300
       44.099900       14.305600
       17.085300       43.127200
       -5.430500      -46.031400
       32.023100      -33.525700
      -35.831100       29.408900
      -15.079500      -43.829100
       14.692600       43.964500
       36.900300       28.068100
      -38.680400      -25.559300
      -33.235800       32.313000
       34.105500      -31.443300
       18.414400      -42.576700
      -28.388600       36.644700
        9.677700       45.333100
      -22.176000      -40.765200
      -32.023100      -33.525700
       30.691100       34.808500
      -41.865100      -19.892000
       42.398800       18.783800
       42.754600       18.045000
      -42.220900      -19.153200
      -27.106400      -37.667200
       28.709200       36.389100
      -24.107200       39.592800
       25.559300      -38.680400
       34.105500       31.443300
      -35.319800      -30.050000
       25.906500      -38.462200
      -30.050000       35.319800
       39.592800       24.107200
      -38.244100      -26.253600
       -4.948600       46.085700
       15.079500      -43.829100
       26.253600      -38.244100
      -23.065700       40.247200
       18.414400       42.576700
      -27.747500      -37.156000
       45.042700       10.950000
      -44.677800      -12.548900
       27.427000      -37.411600
      -31.153400       34.395400
       29.408900      -35.831100
      -35.831100       29.408900
       45.847800       -7.060200
      -46.315200        2.911500
       -7.060200       45.847800
       10.950000      -45.042700
       43.964500       14.692600
      -44.506200      -13.144600
      -45.939600       -6.245400
       45.985500        5.838000
       23.412900      -40.029100
      -28.388600       36.644700
      -42.754600      -18.045000
       44.677800       12.548900
       -6.245400      -45.939600
       12.149100       44.769000
      -39.374700      -24.454400
       32.023100       33.525700
       46.177500       -4.133700
      -46.350000       -2.292500
      -35.831100      -29.408900
       31.443300       34.105500
       10.950000      -45.042700
   -6.525000E-01       46.350000
        4.133700       46.177500
       -8.478500      -45.606800
       42.754600      -18.045000
      -40.765200       22.176000
      -34.395400       31.153400
       37.411600      -27.427000
       15.537300      -43.668900
      -10.077400       45.241900
   -6.525000E-01       46.350000
        5.430500      -46.031400
      -15.537300       43.668900
       21.806600      -40.943100
       45.515600        8.878300
      -44.860200      -11.749400
       33.235800      -32.313000
      -31.443300       34.105500
      -41.121000       21.437200
       40.765200      -22.176000
        6.245400      -45.939600
      -17.085300       43.127200
      -27.427000      -37.411600
       30.050000       35.319800
      -38.462200      -25.906500
       37.667200       27.106400
      -21.806600      -40.943100
       24.865000       39.116600
       11.349700      -44.951500
        3.318900       46.269300
      -14.692600       43.964500
       19.522600      -42.043000
        6.652800      -45.893700
        7.467600       45.801900
       25.906500      -38.462200
      -18.045000       42.754600
       30.050000       35.319800
      -32.602900      -32.945900
       21.806600       40.943100
      -31.153400      -34.395400
      -10.950000      -45.042700
       -3.318900       46.269300
       35.575400      -29.729400
      -36.086700       29.088300
        8.478500      -45.606800
    2.425000E-01       46.350000
       30.370600       35.064200
      -22.718600      -40.465400
      -28.068100       36.900300
       21.437200      -41.121000
      -36.644700      -28.388600
       42.220900       19.153200
      -19.153200       42.220900
       29.088300      -36.086700
       13.918600       44.235300
      -14.692600      -43.964500
      -46.315200       -2.911500
       45.939600        6.245400
      -23.412900       40.029100
       19.522600      -42.043000
       19.892000      -41.865100
      -16.311300       43.398100
       20.329000       41.654700
      -13.144600      -44.506200
       44.235300      -13.918600
      -42.754600       18.045000
      -36.900300       28.068100
       33.815600      -31.733200
      -22.176000       40.765200
       31.153400      -34.395400
       -8.078800      -45.698000
       -6.652800       45.893700
      -28.388600       36.644700
       29.408900      -35.831100
       41.476800       20.698400
      -37.411600      -27.427000
       -1.472500       46.350000
       -3.726300      -46.223400
       24.865000      -39.116600
      -24.865000       39.116600
       27.106400      -37.667200
      -26.600800       38.026000
      -20.329000      -41.654700
       29.729400       35.575400
      -13.144600      -44.506200
       11.749400       44.860200
      -33.815600       31.733200
       32.313000      -33.235800
      -29.729400       35.575400
       37.411600      -27.427000
       43.829100      -15.079500
      -44.506200       13.144600
      -46.085700       -4.948600
       46.350000   -6.525000E-01
       29.088300      -36.086700
      -24.865000       39.116600
      -45.515600       -8.878300
       44.951500       11.349700
      -44.951500      -11.349700
       45.042700       10.950000
        9.278000      -45.424300
    2.425000E-01       46.350000
        9.278000       45.424300
      -11.749400      -44.860200
      -14.692600       43.964500
        5.838000      -45.985500
       46.315200        2.911500
      -46.350000        2.292500
      -45.893700       -6.652800
       46.350000        1.882500
      -45.985500        5.838000
       45.801900       -7.467600
      -35.064200      -30.370600
       30.370600       35.064200
    6.525000E-01      -46.350000
      -10.550300       45.133900
       41.298900      -21.067800
      -42.398800       18.783800
      -15.079500      -43.829100
       22.718600       40.465400
      -12.548900       44.677800
       26.253600      -38.244100
      -20.698400      -41.476800
       22.718600       40.465400
      -32.602900       32.945900
       39.592800      -24.107200
      -15.079500      -43.829100
       21.067800       41.298900
       44.860200      -11.749400
      -43.964500       14.692600
      -39.374700      -24.454400
       38.898500       25.212200
       30.691100       34.808500
      -30.370600      -35.064200
       43.668900       15.537300
      -43.668900      -15.537300
      -10.550300       45.133900
        3.318900      -46.269300
      -44.951500      -11.349700
       44.370700       13.531600
      -44.099900      -14.305600
       41.476800       20.698400
      -40.029100      -23.412900
       40.029100       23.412900
       36.900300       28.068100
      -38.680400      -25.559300
      -46.350000    6.525000E-01
       46.085700        4.948600
        7.467600      -45.801900
       -7.467600       45.801900
       25.906500       38.462200
      -38.026000      -26.600800
       46.315200       -2.911500
      -45.333100        9.677700
      -44.235300      -13.918600
       45.698000        8.078800
      -29.729400       35.575400
       29.408900      -35.831100
       46.350000    6.525000E-01
      -46.269300        3.318900
      -46.031400       -5.430500
       45.133900       10.550300
        5.838000      -45.985500
       -1.882500       46.350000
      -20.698400      -41.476800
        9.278000       45.424300
       25.559300       38.680400
      -12.548900      -44.677800
       45.042700       10.950000
      -46.131600       -4.541200
      -27.106400       37.667200
       17.472300      -42.991800
      -13.531600       44.370700
       27.106400      -37.667200
       29.408900      -35.831100
      -33.815600       31.733200
       -6.245400       45.939600
       11.749400      -44.860200
       19.522600      -42.043000
      -26.253600       38.244100
      -41.121000       21.437200
       45.042700      -10.950000
       -8.878300      -45.515600
        9.278000       45.424300
        1.062500       46.350000
       -2.292500      -46.350000
      -19.892000      -41.865100
       20.329000       41.654700
       40.465400       22.718600
      -41.298900      -21.067800
       44.951500      -11.349700
      -44.951500       11.349700
      -46.350000        1.062500
       46.031400       -5.430500
      -39.811000      -23.760000
       40.247200       23.065700
      -44.370700      -13.531600
       44.235300       13.918600
      -43.398100      -16.311300
       44.769000       12.149100
       46.223400       -3.726300
      -46.350000       -1.062500
       41.121000      -21.437200
      -40.247200       23.065700
       19.522600      -42.043000
      -29.729400       35.575400
        9.677700      -45.333100
      -21.067800       41.298900
        7.060200       45.847800
    2.425000E-01      -46.350000
       10.950000       45.042700
       -5.838000      -45.985500
      -36.389100      -28.709200
       27.427000       37.411600
      -44.099900       14.305600
       43.829100      -15.079500
       40.943100      -21.806600
      -38.898500       25.212200
       22.718600      -40.465400
      -28.709200       36.389100
       42.991800      -17.472300
      -42.043000       19.522600
       43.127200      -17.085300
      -45.333100        9.677700
       32.313000      -33.235800
      -33.525700       32.023100
      -36.644700       28.388600
       36.900300      -28.068100
      -45.698000       -8.078800
       45.801900        7.467600
       17.085300       43.127200
      -16.698300      -43.262700
        1.472500      -46.350000
       11.349700       44.951500
      -39.592800       24.107200
       38.898500      -25.212200
      -44.099900      -14.305600
       43.533500       15.924300
       21.437200      -41.121000
      -28.388600       36.644700
      -18.414400      -42.576700
       31.153400       34.395400
       42.398800      -18.783800
      -35.831100       29.408900
       -4.133700       46.177500
       16.311300      -43.398100
      -46.350000       -1.882500
       46.350000       -1.472500
      -45.515600       -8.878300
       45.985500        5.838000
       22.176000       40.765200
      -24.107200      -39.592800
      -28.388600       36.644700
       18.414400      -42.576700
        4.133700      -46.177500
        6.245400       45.939600
        5.838000       45.985500
   -2.425000E-01      -46.350000
       42.991800      -17.472300
      -43.398100       16.311300
      -29.729400      -35.575400
       31.153400       34.395400
      -46.350000        1.882500
       45.698000       -8.078800